CaptionFont=Verdana=CaptionFont
FontSize=10
CaptionForecolor=0
CaptionBorderColor=1756158
CaptionLeft=31
CaptionTop=2
CaptionFontBold=1
CaptionFontItalic=0
Bordes=1
Sombra=0
Upper=0
CloseTop=4
CloseLeft=74
CloseHeight=21
CloseWidth=20
MaxTop=4
MaxLeft=52
MaxHeight=21
MaxWidth=20
MiniTop=4
MiniLeft=30
MiniHeight=21
MiniWidth=20
FormColor=13487565
i1=0009,0000,0068,0001,0006,0001,0068,0002,0005,0002,0068,0003,0004,0003,0068,0004,0003,0004,0068,0005,0002,0005,0068,0006,0001,0006,0068,0007,0001,0007,0068,0008,0001,0008,0068,0009,0000,0009,0068,0010,0000,0010,0068,0011,0000,0011,0068,0012,0000,0012,0068,0013,0000,0013,0068,0014,0000,0014,0068,0015,0000,0015,0068,0016,0000,0016,0068,0017,0000,0017,0068,0018,0000,0018,0068,0019,0000,0019,0068,0020,0000,0020,0068,0021,0000,0021,0068,0022,0000,0022,0068,0023,0000,0023,0068,0024,0000,0024,0068,0025,0000,0025,0068,0026,0000,0026,0068,0027,0000,0027,0068,0028,0000,0028,0068,0029,0000,0029,0068,0030,0000,0030,0068,0031,0000,0031,0068,0032,0000,0032,0068,0033,0000,0033,0068,0034,0000,0034,0068,0035,0000,0035,0068,0036,0000,0036,0068,0037,0000,0037,0068,0038,0000,0038,0068,0039,0000,0039,0068,0040,0000,0040,0068,0041,0000,0041,0068,0042,0000,0042,0068,0043,0000,0043,0068,0044,i1
i3=0000,0000,0098,0001,0000,0001,0100,0002,0000,0002,0102,0003,0000,0003,0103,0004,0000,0004,0104,0005,0000,0005,0105,0006,0000,0006,0105,0007,0000,0007,0106,0008,0000,0008,0106,0009,0000,0009,0107,0010,0000,0010,0107,0011,0000,0011,0107,0012,0000,0012,0107,0013,0000,0013,0107,0014,0000,0014,0107,0015,0000,0015,0107,0016,0000,0016,0107,0017,0000,0017,0107,0018,0000,0018,0107,0019,0000,0019,0107,0020,0000,0020,0107,0021,0000,0021,0107,0022,0000,0022,0107,0023,0000,0023,0107,0024,0000,0024,0107,0025,0000,0025,0107,0026,0000,0026,0107,0027,0000,0027,0107,0028,0000,0028,0107,0029,0000,0029,0107,0030,0000,0030,0107,0031,0000,0031,0107,0032,0000,0032,0107,0033,0000,0033,0107,0034,0000,0034,0107,0035,0000,0035,0107,0036,0000,0036,0107,0037,0000,0037,0107,0038,0000,0038,0107,0039,0000,0039,0107,0040,0000,0040,0107,0041,0000,0041,0107,0042,0000,0042,0107,0043,0000,0043,0107,0044,i3
i6=0000,0000,0068,0001,0000,0001,0068,0002,0000,0002,0068,0003,0000,0003,0068,0004,0000,0004,0068,0005,0000,0005,0068,0006,0000,0006,0068,0007,0000,0007,0068,0008,0000,0008,0068,0009,0000,0009,0068,0010,0000,0010,0068,0011,0000,0011,0068,0012,0000,0012,0068,0013,0000,0013,0068,0014,0000,0014,0068,0015,0000,0015,0068,0016,0000,0016,0068,0017,0000,0017,0068,0018,0000,0018,0068,0019,0000,0019,0068,0020,0000,0020,0068,0021,0000,0021,0068,0022,0000,0022,0068,0023,0000,0023,0068,0024,0000,0024,0068,0025,0000,0025,0068,0026,0000,0026,0068,0027,0000,0027,0068,0028,0000,0028,0068,0029,0000,0029,0068,0030,0000,0030,0068,0031,0000,0031,0068,0032,0000,0032,0068,0033,0000,0033,0068,0034,0000,0034,0068,0035,0000,0035,0068,0036,0000,0036,0068,0037,0000,0037,0068,0038,0000,0038,0068,0039,0001,0039,0068,0040,0001,0040,0068,0041,0002,0041,0068,0042,0003,0042,0068,0043,0005,0043,0068,0044,i6
i8=0000,0000,0107,0001,0000,0001,0107,0002,0000,0002,0107,0003,0000,0003,0107,0004,0000,0004,0107,0005,0000,0005,0107,0006,0000,0006,0107,0007,0000,0007,0107,0008,0000,0008,0107,0009,0000,0009,0107,0010,0000,0010,0107,0011,0000,0011,0107,0012,0000,0012,0107,0013,0000,0013,0107,0014,0000,0014,0107,0015,0000,0015,0107,0016,0000,0016,0107,0017,0000,0017,0107,0018,0000,0018,0107,0019,0000,0019,0107,0020,0000,0020,0107,0021,0000,0021,0107,0022,0000,0022,0107,0023,0000,0023,0107,0024,0000,0024,0107,0025,0000,0025,0107,0026,0000,0026,0107,0027,0000,0027,0107,0028,0000,0028,0107,0029,0000,0029,0107,0030,0000,0030,0107,0031,0000,0031,0107,0032,0000,0032,0107,0033,0000,0033,0107,0034,0000,0034,0107,0035,0000,0035,0107,0036,0000,0036,0107,0037,0000,0037,0107,0038,0000,0038,0107,0039,0000,0039,0107,0040,0000,0040,0107,0041,0000,0041,0107,0042,0000,0042,0106,0043,0000,0043,0105,0044,i8
