CaptionFont=Verdana=CaptionFont
FontSize=10
CaptionForecolor=16744576
CaptionBorderColor=12632256
CaptionLeft=13
CaptionTop=2
CaptionFontBold=1
CaptionFontItalic=0
Bordes=1
Sombra=0
Upper=0
CloseTop=4
CloseLeft=61
CloseHeight=18
CloseWidth=19
MaxTop=4
MaxLeft=40
MaxHeight=18
MaxWidth=20
MiniTop=4
MiniLeft=19
MiniHeight=18
MiniWidth=20
FormColor=16772573
i1=0000,0000,0030,0001,0000,0001,0030,0002,0000,0002,0030,0003,0000,0003,0030,0004,0000,0004,0030,0005,0000,0005,0030,0006,0000,0006,0030,0007,0000,0007,0030,0008,0000,0008,0030,0009,0000,0009,0030,0010,0000,0010,0030,0011,0000,0011,0030,0012,0000,0012,0030,0013,0000,0013,0030,0014,0000,0014,0030,0015,0000,0015,0030,0016,0000,0016,0030,0017,0000,0017,0030,0018,0000,0018,0030,0019,0000,0019,0030,0020,0000,0020,0030,0021,0000,0021,0030,0022,0000,0022,0030,0023,0000,0023,0030,0024,0000,0024,0030,0025,0000,0025,0030,0026,0000,0026,0030,0027,0000,0027,0030,0028,0000,0028,0030,0029,i1
i3=0000,0000,0078,0001,0000,0001,0080,0002,0000,0002,0082,0003,0000,0003,0083,0004,0000,0004,0083,0005,0000,0005,0084,0006,0000,0006,0084,0007,0000,0007,0085,0008,0000,0008,0085,0009,0000,0009,0085,0010,0000,0010,0085,0011,0000,0011,0085,0012,0000,0012,0085,0013,0000,0013,0085,0014,0000,0014,0085,0015,0000,0015,0085,0016,0000,0016,0085,0017,0000,0017,0085,0018,0000,0018,0085,0019,0000,0019,0085,0020,0000,0020,0085,0021,0000,0021,0085,0022,0000,0022,0085,0023,0000,0023,0085,0024,0000,0024,0085,0025,0000,0025,0085,0026,0000,0026,0085,0027,0000,0027,0085,0028,0000,0028,0085,0029,i3
i6=0000,0000,0030,0001,0000,0001,0030,0002,0000,0002,0030,0003,0000,0003,0030,0004,0000,0004,0030,0005,0000,0005,0030,0006,0000,0006,0030,0007,0000,0007,0030,0008,0000,0008,0030,0009,0000,0009,0030,0010,0000,0010,0030,0011,0000,0011,0030,0012,0000,0012,0030,0013,0000,0013,0030,0014,0000,0014,0030,0015,0000,0015,0030,0016,0000,0016,0030,0017,0000,0017,0030,0018,0000,0018,0030,0019,0000,0019,0030,0020,0000,0020,0030,0021,0000,0021,0030,0022,0001,0022,0030,0023,0001,0023,0030,0024,0002,0024,0030,0025,0002,0025,0030,0026,0003,0026,0030,0027,0005,0027,0030,0028,0007,0028,0030,0029,i6
i8=0000,0000,0085,0001,0000,0001,0085,0002,0000,0002,0085,0003,0000,0003,0085,0004,0000,0004,0085,0005,0000,0005,0085,0006,0000,0006,0085,0007,0000,0007,0085,0008,0000,0008,0085,0009,0000,0009,0085,0010,0000,0010,0085,0011,0000,0011,0085,0012,0000,0012,0085,0013,0000,0013,0085,0014,0000,0014,0085,0015,0000,0015,0085,0016,0000,0016,0085,0017,0000,0017,0085,0018,0000,0018,0085,0019,0000,0019,0085,0020,0000,0020,0085,0021,0000,0021,0085,0022,0000,0022,0085,0023,0000,0023,0085,0024,0000,0024,0085,0025,0000,0025,0085,0026,0000,0026,0085,0027,0000,0027,0085,0028,0000,0028,0085,0029,i8
